"A.U.D.I." "ACURA" "ALFA ROMEO" "ASTON MARTIN" "AUSTIN" "B.M.W." "BENTLEY" "BUICK" "CADILLAC" "CITROEN" "CHEVROLET" "CHRYSLER" "DAEWOO" "DAIHATSU" "DAIMLER" "DAIMLERCHRYSLER" "DIAMOND" "DODGE" "FERRARI" "FIAT" "FORD" "G.M.C." "HISPANO SUIZA" "HONDA" "HUMMER" "HYUNDAI" "ISUZU" "IVECO" "JAGUAR" "JEEP" "KIA" "LADA" "LADA-VAZ" "LAMBORGHINI" "LANCIA" "LAND ROVER" "LEXUS" "LINCOLN" "LONDON TAXIS INTERNAT." "LOTUS" "M.G." "MASERATI" "MATRA" "MAZDA" "MERCEDES-BENZ" "MERCURY" "MICRO COMPACT CAR" "MINI" "MITSUBISHI" "MORGAN" "NISSAN" "OLDSMOBILE" "OPEL" "PACKARD" "PEUGEOT" "PLYMOUTH" "PONTIAC" "PORSCHE" "QUATTRO" "RENAULT" "ROLLS-ROYCE" "ROVER" "SAAB" "SANTANA" "SATURN" "SEAT" "SIMCA" "SKODA" "SSANGYONG" "SUBARU" "SUZUKI" "TATA" "TOYOTA" "TRIUMPH" "VAUXHALL" "VOLKSWAGEN" "VOLVO" "SIN MARCA" "OTRAS MARCAS"
"Alava" 382 0 126 0 0 309 1 0 0 924 0 9 99 0 0 0 0 0 0 220 788 0 0 264 0 255 0 0 34 2 101 0 1 0 30 29 18 0 0 0 18 0 0 175 313 0 29 11 44 0 224 0 817 0 1315 0 0 1 0 1730 0 55 77 0 0 1057 0 66 0 28 14 0 322 0 0 765 129 0 0
"Albacete" 468 0 79 0 0 387 0 0 0 954 1 20 215 0 0 1 0 0 0 233 690 0 0 89 0 229 0 0 71 5 96 0 0 0 5 22 1 0 0 0 8 0 0 114 549 0 3 3 41 0 263 0 621 0 904 0 0 3 0 1017 0 53 17 0 0 933 0 111 0 1 107 1 330 0 0 781 115 0 0
"Alicante" 2306 0 945 4 3 2832 5 1 4 8115 17 164 2218 25 1 7 0 5 8 1920 23593 1 0 742 0 2235 2 0 210 24 1905 0 0 0 126 145 92 0 2 3 121 4 0 661 3857 0 631 49 318 6 4616 1 5302 0 8554 3 12 72 0 7328 2 569 137 0 0 6267 0 361 4 26 275 13 2974 0 7 6626 368 9 4
"Almeria" 795 0 129 0 1 839 1 0 1 2148 2 32 549 3 2 3 0 1 2 493 1750 0 0 136 0 458 0 0 74 5 296 0 0 1 26 78 7 0 0 0 51 2 0 127 1017 0 27 21 77 0 559 0 1633 1 2423 0 0 9 0 2545 0 127 60 0 0 2156 0 177 0 1 36 10 447 0 5 1606 196 0 2
"Avila" 190 0 50 0 0 144 0 0 0 412 0 10 39 0 0 0 0 0 0 90 354 1 0 51 0 84 1 0 15 1 47 0 0 0 16 17 0 1 0 0 1 0 0 12 128 0 2 2 25 0 115 0 259 0 361 0 0 0 0 489 0 21 3 0 0 352 0 16 0 0 10 0 130 0 1 298 49 0 0
"Badajoz" 529 0 92 0 0 535 1 0 0 1346 0 24 489 2 1 0 0 0 2 219 1230 0 0 80 0 469 1 0 24 28 329 0 0 0 29 35 2 0 0 0 38 1 0 135 504 0 9 19 196 0 563 0 976 0 1480 0 1 5 1 1650 0 149 2 0 0 1513 0 508 6 2 412 35 583 0 0 961 85 0 1
"Illes Balears" 1478 0 509 1 1 1103 2 1 0 4977 10 119 1380 4 141 24 1 2 4 4930 5000 3 0 544 2 2158 7 0 112 112 170 1 0 0 709 132 35 1 0 1 84 1 1 304 1136 0 566 69 394 0 1700 0 5831 1 4621 1 4 80 2 6101 1 175 36 1 0 4546 0 833 27 27 406 17 1878 2 2 8386 216 4 8
"Barcelona" 9382 1 1585 5 9 7998 14 1 37 17526 36 286 2689 4 55 128 3 2 20 4376 13440 2 5 2959 5 4322 1 4 647 120 2137 1 1 3 389 573 322 3 1 1 471 22 2 2843 7019 0 1228 376 833 5 6519 0 13757 1 17404 2 6 501 22 21929 4 714 740 2 0 29403 3 1353 55 637 901 14 5965 3 1 17009 2763 2 20
"Burgos" 410 0 161 0 0 365 0 1 3 1008 0 22 104 0 0 0 0 0 0 235 985 0 0 117 0 228 0 0 14 15 212 1 0 0 9 49 16 1 0 0 26 0 0 165 360 0 3 4 123 0 285 0 946 0 1464 0 1 6 0 1457 1 154 94 0 0 911 0 94 2 24 133 4 456 0 0 580 155 0 2
"Caceres" 366 0 25 0 0 387 0 0 0 1070 0 17 229 3 0 0 0 0 0 85 735 0 0 26 0 299 0 0 15 7 197 0 0 0 2 7 0 0 0 0 25 0 0 19 330 0 4 3 39 0 311 1 679 0 977 0 0 5 0 1104 0 93 12 0 0 658 0 48 0 4 64 0 81 0 0 832 80 2 1
"Cadiz" 1262 5 197 2 0 1174 3 1 2 3817 34 101 1547 6 3 7 0 23 0 771 3873 4 0 537 0 1257 10 0 73 35 939 2 1 0 28 102 15 2 0 1 105 2 0 255 1249 6 30 51 275 1 801 1 2706 0 3784 3 10 26 0 4059 1 319 49 0 13 3738 0 485 1 14 190 10 1495 0 1 2865 292 5 1
"Castellon" 688 0 160 1 1 672 0 0 1 2335 3 28 427 2 1 10 0 0 1 599 1564 0 0 260 0 396 0 1 58 1 279 0 0 0 56 24 4 0 0 0 36 0 0 166 747 0 129 26 83 0 624 0 1644 0 1828 0 2 11 1 1721 1 120 81 1 0 1657 0 142 1 27 55 9 627 2 0 1428 143 0 0
"Ciudad Real" 446 0 47 0 0 382 0 0 2 1319 1 10 392 0 1 1 0 0 2 248 854 0 0 77 0 198 0 0 22 1 237 0 0 0 0 36 1 0 0 0 40 0 0 103 418 0 3 5 84 0 286 0 754 0 1162 0 1 5 0 1290 0 153 4 0 0 1075 0 190 0 1 43 2 176 0 0 818 148 4 0
"Cordoba" 876 0 58 0 0 657 0 0 1 2569 0 48 474 8 1 1 0 0 0 427 2044 0 0 133 0 503 1 1 28 35 557 0 0 0 6 54 4 0 1 0 51 0 0 163 618 0 39 6 68 0 563 0 1500 0 2018 0 0 5 0 2471 1 188 34 0 0 2505 0 279 1 2 224 6 480 0 0 1682 216 1 0
"A Corunya" 1593 0 329 0 3 1129 0 1 7 3806 2 37 726 1 6 7 0 1 1 607 3357 0 0 418 2 607 1 0 78 18 396 0 2 0 66 23 25 0 0 0 83 1 0 263 1151 0 39 32 153 1 557 0 2491 0 3820 0 1 58 0 4000 3 296 134 0 0 3772 0 384 12 9 253 7 1201 0 0 2391 233 1 4
"Cuenca" 221 0 26 0 0 130 0 0 0 473 1 4 103 0 0 0 0 0 0 71 370 0 0 14 0 120 0 0 10 2 114 0 0 0 1 10 2 0 0 0 7 0 0 22 152 0 2 0 38 0 110 0 491 0 400 0 0 0 0 400 0 14 33 0 0 456 0 15 3 1 123 0 178 0 0 290 50 0 0
"Girona" 1059 0 297 2 1 1030 3 1 4 2476 1 39 681 4 24 68 0 0 5 876 1739 0 0 301 0 661 1 0 62 3 323 1 0 0 59 110 17 1 1 0 64 2 2 381 834 0 76 45 158 1 1022 0 2301 1 2637 0 0 37 0 2536 1 90 137 0 0 1712 0 126 1 54 98 15 753 0 0 1942 219 5 3
"Granada" 1233 0 227 0 1 1311 0 0 1 2598 5 63 521 5 1 4 0 0 4 764 1968 0 0 278 0 655 1 0 69 10 385 0 1 0 50 61 21 0 0 0 65 4 0 263 1465 0 85 8 138 0 537 0 1753 1 2574 0 1 15 0 2990 2 188 67 0 0 2807 0 244 5 8 66 34 694 1 1 2378 265 1 2
"Guadalajara" 259 0 55 0 0 322 1 0 0 812 0 18 62 0 1 0 0 1 0 307 801 0 0 59 0 252 0 0 16 3 114 0 0 1 48 17 17 0 0 0 17 1 0 44 299 0 4 10 55 0 118 0 582 0 660 0 1 0 0 371 1 41 17 0 0 734 0 140 3 5 22 0 223 0 0 530 83 0 0
"Guipuzcoa" 760 0 76 0 0 431 0 0 5 1808 0 33 280 1 1 1 0 1 0 201 2163 0 0 241 0 481 0 0 15 1 238 0 0 0 3 62 5 0 0 1 51 1 0 184 384 0 22 21 57 0 291 0 2229 0 2646 0 0 7 2 2375 0 109 80 0 0 1494 0 162 0 34 23 1 337 0 0 1837 214 0 0
"Huelva" 428 0 108 0 0 511 2 0 1 1513 1 38 415 1 2 8 0 0 1 293 1373 0 0 202 0 488 0 0 21 10 271 0 0 0 14 52 8 0 0 0 35 0 0 135 448 0 6 8 321 0 403 0 1026 0 1122 0 0 4 0 1673 0 104 8 0 0 1246 0 366 3 1 280 4 549 0 0 933 128 0 0
"Huesca" 292 0 53 0 0 190 0 0 0 660 0 20 62 1 0 0 0 0 0 157 382 0 0 72 0 161 0 1 5 1 55 0 0 0 20 11 0 0 0 0 15 0 0 107 220 0 5 4 34 0 210 0 275 0 863 0 0 2 0 796 0 38 15 0 0 669 0 72 0 10 34 0 177 0 0 458 78 0 0
"Jaen" 500 0 122 0 0 470 0 0 1 1587 0 27 248 7 0 6 0 0 0 264 1290 1 1 125 0 333 0 0 20 3 154 0 0 0 30 41 3 0 0 1 39 0 0 134 446 0 2 15 49 0 334 0 937 0 1404 0 0 3 0 1637 0 119 4 0 0 1384 0 186 2 4 27 8 308 3 0 919 155 0 1
"Leon" 879 0 105 1 0 888 1 0 0 1405 1 23 357 1 2 4 0 1 2 302 988 0 0 151 0 324 0 1 30 2 129 3 3 2 5 26 4 0 0 0 43 1 0 105 623 0 10 7 52 1 252 0 785 0 1319 0 2 9 0 1407 0 90 81 0 0 1187 0 145 1 3 51 2 355 1 0 986 117 0 0
"Lleida" 565 0 57 0 0 417 0 0 0 929 3 14 181 1 3 11 0 0 0 152 552 0 0 155 0 305 4 0 51 29 188 9 3 0 8 56 21 0 1 0 37 0 0 104 406 0 9 21 151 0 331 0 898 2 1058 0 0 13 0 1330 0 68 43 0 0 1073 0 129 12 35 129 0 512 0 0 1035 95 0 4
"La Rioja" 337 0 65 0 1 348 0 0 1 745 0 10 133 0 0 0 0 0 1 196 632 0 0 97 0 130 0 0 43 0 133 0 0 0 15 31 19 0 0 0 21 0 0 103 361 0 7 3 26 0 210 0 744 0 608 1 0 5 0 813 0 69 38 0 0 634 0 58 0 12 21 0 360 0 0 512 111 0 0
"Lugo" 420 0 108 0 1 312 0 0 0 799 2 12 94 0 1 8 0 0 0 299 771 1 0 136 0 162 0 0 14 1 46 0 0 0 32 16 6 0 0 0 18 0 0 80 416 0 6 10 19 0 146 0 699 0 1013 0 0 6 1 899 0 77 26 1 0 1057 0 102 0 0 44 0 254 0 0 607 57 1 0
"Madrid" 15006 0 4573 14 1 18276 53 0 47 36044 59 1040 3352 5 14 129 1 12 63 9957 31552 2 1 2611 14 8246 1 0 1352 111 4461 12 4 13 1343 596 555 3 1 1 501 30 0 2697 16505 1 2946 469 806 7 5050 2 39462 0 35531 5 7 670 6 53949 14 1264 1003 0 0 23763 0 4201 31 475 485 55 11767 4 4 19360 4821 2 2
"Malaga" 1947 0 482 6 5 2228 25 0 8 4861 17 135 933 36 5 13 0 4 16 3174 8797 3 0 568 1 2229 4 0 267 23 781 3 0 1 235 230 55 2 1 2 94 7 0 466 2472 1 173 48 260 5 1243 1 5159 0 7690 2 9 103 0 5367 6 339 159 0 0 7086 0 730 6 50 226 13 1450 3 10 5094 442 12 3
"Murcia" 2332 0 287 0 4 1980 3 0 6 4561 5 107 788 1 2 5 0 1 5 872 3109 0 0 399 0 1091 1 1 177 6 602 2 1 2 66 64 37 0 0 1 91 3 1 372 3361 0 87 33 220 0 1054 0 2724 0 4831 0 3 35 0 4870 10 297 122 0 0 4502 0 452 2 6 227 19 1231 1 6 4424 291 6 1
"Navarra" 622 0 137 0 0 592 0 0 0 1815 0 31 258 0 0 0 0 1 0 326 1152 0 0 230 0 330 0 0 42 2 177 1 0 0 35 34 9 0 0 0 31 0 0 163 408 0 23 9 68 0 541 0 2261 0 1742 0 0 13 0 1801 1 70 91 0 0 1347 1 150 0 16 61 0 536 0 0 1700 205 0 0
"Ourense" 537 0 100 0 0 424 0 0 2 891 1 16 125 2 0 2 0 0 4 217 783 0 0 34 0 188 0 1 37 3 33 0 0 0 1 15 1 0 0 0 16 0 0 36 498 0 2 7 20 1 84 0 648 0 880 0 0 13 0 970 5 54 33 0 0 967 0 86 0 4 19 3 249 0 0 678 68 0 1
"Asturias" 1246 0 255 0 0 1318 2 0 0 3232 1 46 696 0 0 14 0 2 10 624 2603 0 0 319 0 595 0 1 76 35 343 1 1 1 34 38 7 0 1 0 49 3 0 307 1187 0 54 18 91 0 693 0 1678 0 3636 0 0 41 0 3567 0 133 68 0 0 2804 1 304 1 28 84 4 655 0 0 2101 278 1 0
"Palencia" 214 0 15 0 0 177 0 0 0 343 0 5 70 0 0 1 0 0 0 48 273 0 0 66 0 64 0 0 8 1 61 0 0 0 1 12 1 0 0 0 13 0 0 47 115 0 2 5 11 0 57 0 338 0 374 0 0 2 0 1014 0 28 7 0 0 356 0 21 0 4 3 3 161 0 0 310 15 0 1
"Las Palmas" 623 0 110 0 1 965 2 1 6 1956 8 29 663 19 1 2 0 0 2 913 1631 1 0 277 0 890 1 0 81 25 83 0 0 0 150 87 6 0 0 2 91 0 1 206 1244 0 143 12 163 1 1299 0 4456 0 2375 0 3 28 0 4498 1 53 89 0 0 3162 0 735 0 8 31 0 4055 4 0 4040 134 3 3
"Pontevedra" 1104 0 251 1 4 793 1 1 1 3535 2 45 464 2 9 25 0 0 0 538 2621 0 0 306 0 499 0 0 62 2 251 0 0 0 49 32 17 0 1 0 69 0 0 297 986 0 60 26 64 0 476 0 1880 0 3269 1 1 39 1 3724 1 191 71 0 0 2487 0 338 0 13 32 0 768 1 0 1780 187 0 4
"Salamanca" 370 0 70 0 0 340 2 0 0 929 0 11 225 1 0 0 0 0 1 202 548 0 0 118 0 225 0 0 49 3 93 0 1 0 22 12 0 0 0 0 25 0 0 22 303 0 3 10 45 0 199 0 651 0 833 0 0 1 0 982 0 58 4 0 0 849 0 16 0 6 3 1 250 0 0 525 95 0 0
"Sta.C. Tenerife" 460 0 66 0 1 1127 0 0 3 2677 7 26 365 44 0 1 0 0 1 740 1911 0 0 251 0 984 0 0 44 3 18 0 0 1 31 98 8 1 0 2 91 2 0 219 1080 0 88 38 253 1 820 0 2369 0 2132 0 4 36 0 3506 1 51 50 0 0 3112 0 311 0 9 37 0 2355 1 0 2364 68 2 2
"Cantabria" 656 0 147 0 3 451 0 0 0 2259 1 30 616 0 0 0 0 0 2 347 1197 0 0 203 0 359 0 0 56 2 141 4 0 0 44 32 21 0 0 0 33 0 0 128 572 0 40 16 46 0 436 0 1347 0 1778 0 2 11 0 2202 1 118 73 0 0 1940 0 101 0 30 25 1 379 1 0 1216 102 0 0
"Segovia" 169 0 16 0 0 110 0 1 0 437 0 13 13 1 0 0 0 0 0 103 368 0 0 29 0 76 0 0 20 4 76 0 0 0 8 20 3 0 0 0 12 0 0 16 152 0 3 2 43 0 34 0 279 0 501 0 0 0 0 459 0 22 1 0 0 400 0 20 0 2 35 1 164 1 0 336 34 0 1
"Sevilla" 1713 1 328 1 2 1692 1 0 2 6194 11 75 2388 3 3 5 0 3 3 1249 5607 0 0 475 1 1681 2 0 121 89 1229 1 0 0 89 134 35 1 0 0 66 1 0 266 1828 1 90 29 535 0 1652 1 4336 0 5403 0 4 34 0 6649 5 362 106 0 1 5819 0 1422 37 42 750 17 2156 0 0 3794 566 0 0
"Soria" 87 0 31 0 0 67 0 0 0 229 0 5 29 0 0 0 0 0 0 69 267 0 0 4 0 26 0 0 1 0 27 0 0 0 0 2 1 0 0 0 1 1 0 10 59 0 0 3 9 0 47 0 203 0 167 0 0 2 0 275 0 3 0 0 0 202 0 2 0 0 6 0 47 0 0 110 31 0 0
"Tarragona" 1007 0 234 0 1 960 0 0 0 2729 2 38 729 2 31 21 0 1 3 689 2236 0 0 334 0 689 0 0 60 4 297 2 0 0 65 69 17 0 0 0 63 0 0 305 865 0 49 45 122 0 793 0 2015 0 2600 1 2 17 0 2753 2 135 61 0 0 1877 0 192 6 20 102 8 865 0 2 1723 234 1 1
"Teruel" 116 0 20 0 0 86 0 0 0 551 0 4 45 0 1 0 0 0 0 196 278 0 0 24 0 55 0 0 9 0 41 0 0 0 1 3 1 0 0 0 10 0 0 7 112 0 0 0 31 0 77 0 429 0 618 0 0 2 0 510 0 16 4 0 0 499 0 21 0 0 7 0 91 0 0 195 9 0 0
"Toledo" 589 0 132 0 0 708 1 0 0 2227 0 44 420 1 2 6 0 0 1 433 1463 0 0 105 1 470 1 0 68 6 328 1 0 0 10 27 6 0 0 0 35 0 1 140 716 0 43 14 61 0 304 0 1324 0 4110 0 0 7 0 1708 0 111 35 0 0 1499 0 199 5 7 43 3 415 0 0 1121 97 0 1
"Valencia" 2870 0 979 3 1 3392 1 0 11 9346 6 150 1404 13 4 11 0 2 2 1627 12317 1 0 979 1 1885 1 0 267 9 1689 0 0 0 141 193 40 2 0 0 121 2 0 926 3316 0 248 95 256 0 2002 0 6397 0 8501 0 3 56 0 7352 3 423 222 0 0 6975 1 714 3 23 256 62 1722 0 1 4972 847 6 2
"Valladolid" 529 0 116 0 0 714 0 0 0 1472 0 27 231 0 0 0 0 0 1 319 1011 0 0 151 0 336 0 1 70 1 187 0 0 0 35 17 2 0 0 0 26 3 0 126 592 0 21 2 47 0 226 0 841 0 1245 0 1 6 0 5410 0 117 53 0 0 1228 0 155 0 3 15 14 378 0 0 818 133 0 0
"Vizcaya" 1344 0 211 0 2 1102 0 0 2 3137 1 43 351 1 4 1 0 0 0 538 2553 0 0 545 0 665 0 0 103 4 366 7 1 0 20 59 49 0 0 0 64 0 0 332 911 0 40 23 83 1 693 0 3114 1 3051 0 1 19 0 4249 4 188 116 0 0 2995 0 288 0 23 45 1 775 2 0 2886 362 0 0
"Zamora" 217 0 41 0 0 245 0 0 0 475 0 2 94 1 0 0 0 0 0 101 426 0 0 13 0 124 0 0 10 0 95 0 0 0 14 3 0 0 0 0 6 0 0 5 188 0 1 0 19 0 65 0 341 0 414 0 0 1 0 579 0 8 7 0 0 485 0 8 1 0 12 2 105 0 0 286 91 0 0
"Zaragoza" 884 0 148 0 0 906 0 0 0 2231 2 62 377 6 1 2 0 0 2 562 1844 0 0 255 0 670 0 0 87 0 339 1 0 0 60 39 13 0 0 0 52 0 0 233 960 1 59 29 85 0 662 0 4369 0 1821 1 1 13 0 2943 0 160 219 0 0 1830 0 307 2 39 54 9 717 0 1 1435 283 2 0
"Ceuta" 68 0 4 0 0 74 0 0 0 119 0 12 179 0 0 0 0 0 0 32 178 0 0 67 0 118 0 0 2 0 111 0 0 0 2 8 5 0 0 0 17 0 0 3 243 0 1 5 12 0 102 0 109 0 235 0 1 1 0 138 0 42 0 0 0 360 0 1 0 0 1 7 92 0 0 160 10 0 0
"Melilla" 82 0 10 0 0 74 0 0 0 117 0 4 61 4 0 1 0 0 0 22 102 0 0 11 0 399 0 0 1 0 153 0 0 0 0 2 0 0 0 0 5 0 0 3 409 0 3 0 11 0 98 0 91 0 215 0 0 1 0 110 0 10 0 0 0 77 0 0 0 4 3 2 46 0 0 150 1 0 0
